0.544029
0.490819
0.472863
0.528314
0.615523
0.511457
0.475864
0.480712
0.49707
0.542767
0.498428
0.448861
0.395491
0.490948
0.432073
0.570534
0.516327
0.532271
0.454392
0.51405
0.406658
0.499859
0.504558
0.502321
0.515354
0.443074
0.529945
0.518336
0.509489
0.552163
0.481987
0.446168
0.540228
0.532469
0.541054
0.495775
0.541664
0.534089
0.4642
0.414391
0.511605
0.58682
0.470947
0.521515
0.455132
0.498484
0.495951
0.493158
0.501993
0.447912
0.516094
0.558778
0.495804
0.513262
0.499237
0.481162
0.500308
0.499889
0.492503
0.443076
0.512582
0.499922
0.523586
0.447569
0.484321
0.580387
0.535461
0.537241
0.536915
0.526637
0.522505
0.474338
0.499803
0.474351
0.515514
0.495466
0.497715
0.578251
0.549475
0.458044
0.515682
0.537259
0.499029
0.441699
0.457725
0.481091
0.537157
0.45523
0.547332
0.502644
0.566654
0.471767
0.534749
0.496787
0.485363
0.48372
0.492957
0.574002
0.418483
0.453552
0.500009
0.523632
0.484618
0.502988
0.508056
0.446274
0.47744
0.507407
0.529887
0.473409
0.535005
0.483017
0.47785
0.482425
0.521119
0.518497
0.484328
0.451531
0.424469
0.513729
0.469997
0.483307
0.508874
0.550958
0.514045
0.461487
0.514544
0.527189
0.528074
0.484305
0.560994
0.445018
0.499134
0.533778
0.575607
0.495085
0.421531
0.516059
0.45734
0.46974
0.511063
0.519646
0.470934
0.528755
0.539851
0.467486
0.484328
0.566856
0.504997
0.501043
0.482264
0.472551
0.50326
0.552885
0.543529
0.552338
0.480969
0.521828
0.555977
0.592164
0.480963
0.48848
0.533678
0.528156
0.501492
0.525742
0.528297
0.477232
0.466926
0.52103
0.501119
0.532056
0.459856
0.405865
0.463219
0.526143
0.474738
0.506245
0.436535
0.514061
0.453147
0.458773
0.537169
0.43484
0.515812
0.480035
0.440689
0.488649
0.533832
0.558829
0.486159
0.483694
0.511854
0.482656
0.518024
0.450734
0.519029
0.437301
0.481033
0.548261
0.502218
0.495523
0.569416
0.494129
0.521534
0.560311
0.465238
0.47264
0.512691
0.490015
0.498926
0.492222
0.521644
0.463841
0.510653
0.476904
0.497579
0.513639
0.476639
0.525326
0.514547
0.488782
0.499912
0.482934
0.479629
0.483731
0.513761
0.497771
0.518451
0.477052
0.524779
0.45461
0.524552
0.488083
0.509051
0.539557
0.512806
0.532665
0.477589
0.448604
0.538019
0.517157
0.456189
0.472571
0.53492
0.514031
0.457261
0.492526
0.552669
0.486427
0.452284
0.506185
0.537043
0.464266
0.479395
0.525648
0.528031
0.475241
0.51243
0.523704
0.551142
0.517608
0.528275
0.481857
0.44649
0.454459
0.51937
0.471925
0.529985
0.565769
0.470025
0.529403
0.486772
0.525366
0.427435
0.541929
0.548562
0.537478
0.446859
0.486452
0.507437
0.413393
0.450251
0.442822
0.489893
0.49041
0.44714
0.512269
0.507013
0.457465
0.421062
0.460758
0.461513
0.517602
0.511257
0.514806
0.532488
0.474979
0.533847
0.490703
0.556963
0.489686
0.464836
0.482264
0.485095
0.488968
0.517838
0.521652
0.494793
0.518378
0.469516
0.545082
0.590934
0.45367
0.522026
0.536001
0.482113
0.545213
0.498435
0.442046
0.465807
