0.177283
0.440087
-0.029137
-0.073816
0.309283
0.946448
0.198854
0.279697
-0.019404
-0.030504
-0.197497
-0.382321
0.271384
0.508283
0.317778
0.499746
0.252839
0.596804
0.010932
0.051308
0.285763
0.416243
0.188718
0.358244
0.171087
0.389677
0.055487
0.209828
0.250163
0.493506
0.185947
0.35827
0.20865
0.784905
0.121825
0.231078
0.331898
0.572797
0.01175
0.018354
0.067333
0.216645
0.313257
0.869673
0.303553
0.728677
0.586172
1.12355
0.315144
0.541023
0.207398
0.464611
-0.060572
-0.126562
0.231233
0.510985
0.126929
0.311376
0.296426
0.69751
0.226436
0.472631
0.109878
0.538607
0.245439
0.389658
0.248287
0.41794
-0.064555
-0.106239
0.059379
0.142628
0.1429
0.410806
0.032822
0.046054
0.029258
0.073304
0.105569
0.374192
0.021453
0.082119
0.208788
0.264119
0.049417
0.139188
0.087268
0.303779
0.173652
0.283047
-0.329106
-0.575924
-0.003312
-0.004735
0.046703
0.100263
-0.15274
-0.279512
0.401963
0.940798
0.21993
0.693652
0.182692
0.563283
0.130928
0.500164
0.118648
0.218738
0.138568
0.222291
0.280591
0.375209
0.031951
0.051863
0.360993
0.555907
0.110999
0.50476
0.306602
0.494034
0.305959
0.541702
0.05383
0.202464
0.359714
0.639773
0.274373
0.826087
0.127435
0.166188
0.033389
0.0867
0.264585
0.51095
0.129998
0.25941
-0.002932
-0.007483
-0.030439
-0.045539
0.091939
0.263289
0.012755
0.028966
0.246483
0.347668
0.19383
0.594547
0.195612
0.380884
0.043455
0.063257
0.12404
0.167696
0.157043
0.267911
0.246304
0.363128
0.027361
0.084172
-0.056668
-0.155944
0.01745
0.049004
0.27887
0.591085
0.15003
0.496875
0.074501
0.131369
0.444373
0.873779
0.041514
0.097463
-0.035404
-0.095407
0.057429
0.108974
0.173706
0.408501
0.459914
0.798371
0.057509
0.163998
0.200416
0.666159
-0.049781
-0.09455
0.014055
0.025834
0.080037
0.386783
0.204185
0.48796
-0.06288
-0.150153
0.150168
0.533286
0.15827
0.432298
0.168718
0.359284
-0.036753
-0.062086
0.254308
0.56371
-0.12296
-0.191838
0.200494
0.445759
0.161979
0.490358
0.072039
0.190258
0.176854
0.479196
0.043968
0.276328
-0.188934
-0.294493
0.026102
0.132623
0.251096
1.33598
0.242349
0.379893
0.118902
0.183349
0.215373
0.430553
0.195573
0.538756
0.167083
0.488867
-0.008893
-0.013612
0.161286
0.31157
0.267592
0.536454
0.568323
1.08888
0.240762
0.474348
0.119611
0.337604
0.269816
0.568053
0.166338
0.467182
0.077446
0.147243
0.22882
0.494092
0.006642
0.012808
0.17194
0.432813
0.102564
0.243472
0.075382
0.149537
0.198651
0.449547
0.120194
0.199203
-0.05016
-0.130115
0.154391
0.264146
0.124286
0.251564
0.111779
0.247136
0.130168
0.415774
0.150797
0.326293
0.113418
0.184667
0.195211
0.405783
0.277982
0.521048
0.160194
0.468822
0.116513
0.313393
0.271582
0.487071
0.326651
0.714363
0.064518
0.146881
0.101013
0.261427
0.196587
0.511323
0.205665
0.5965
0.231007
0.503161
0.237891
0.690377
0.225663
0.700101
0.124922
0.254812
-0.063718
-0.10712
0.074141
0.148648
0.227344
0.492761
0.14405
0.251477
0.169677
0.421553
0.195097
0.417583
0.343481
0.805867
0.110998
0.304938
0.191432
0.507304
0.301105
0.592349
0.234039
0.464933
0.203907
0.345454
0.318616
0.646084
0.149454
0.266193
0.21904
0.491706
0.270984
0.475359
0.002731
0.005314
0.141652
0.326404
0.24532
0.488303
0.340008
0.518691
0.254991
0.462154
0.187764
0.368363
0.205096
0.442713
0.098923
0.201331
0.037994
0.056739
0.226968
0.379287
0.138607
0.276893
0.046442
0.140538
0.099457
0.189114
0.156076
0.48279
0.318209
0.729478
0.235673
0.539433
0.172919
0.395073
-0.008137
-0.014778
0.191457
0.479847
0.121592
0.253884
0.02249
0.049254
0.140434
0.352055
0.034465
0.080229
-0.041051
-0.073557
0.116326
0.180424
0.209007
0.589721
-0.045812
-0.078908
0.127551
0.246378
0.295917
0.509883
0.234728
0.476854
0.028718
0.064952
0.297412
0.515081
0.127531
0.349843
0.236663
0.444181
0.192777
0.504841
0.020017
0.043468
0.186565
0.370923
0.119871
0.258524
-0.096039
-0.194195
-0.052206
-0.091867
-0.014214
-0.025484
0.210508
0.489448
0.319809
0.739531
0.413674
0.801632
0.14758
0.344532
0.319834
0.742252
0.13858
0.235424
0.027937
0.073965
-0.051605
-0.098847
0.276245
0.719159
0.197245
0.357158
0.322757
0.675411
0.365389
0.664745
0.383873
0.831966
0.252779
0.464186
0.049195
0.093649
0.280081
0.675182
0.151962
0.310483
0.198248
0.484262
0.097297
0.21191
0.24147
0.563433
-0.095779
-0.186928
0.034775
0.072008
0.128932
0.219721
0.241653
0.492177
0.234293
0.418642
0.420765
0.931865
0.187851
0.323347
0.079182
0.125159
-0.013438
-0.02967
0.057071
0.118421
0.378601
0.816061
0.322316
0.8104
0.275896
0.539734
0.027488
0.05929
0.188711
0.340173
0.07967
0.19061
0.14186
0.302405
0.262765
0.490953
0.194049
0.497525
0.189794
0.433919
0.094952
0.19499
0.174758
0.345663
0.348048
0.711236
0.214584
0.41623
0.216016
0.541785
