0.694784
0.857526
0.761563
0.999926
0.255477
0.63363
-1.28582e-21
-1
2.78087e-13
1.54879e-09
0.734509
0.938721
-0.0348797
-0.0567777
-0.156948
-0.164398
-0.652889
-0.925323
3.97106e-08
0.0159159
0.0164793
0.453316
0.9053
1.50084
-6.3093e-05
-0.481165
0.00475028
0.535468
0.563224
0.639233
0.68496
0.851604
0.449641
0.528133
-1.67511e-06
-1.67511e-06
8.74107e-15
6.89926e-08
-0.744734
-0.992343
-0.659978
-0.927036
-0.743494
-0.960117
0.00779424
0.584814
0.854361
1.27212
0.277613
0.916896
-1.25853e-10
-5.39444e-06
0.176368
0.50591
0.00263004
0.803017
-0.560389
-0.636871
-1.38782e-06
-0.142159
2.73935e-06
0.000904552
0.718806
1.00444
0.67253
0.815348
0.0124309
0.0124708
-0.322848
-0.349695
0.00168354
1.25836
1.30499e-09
1
0.000104677
0.53964
0.0552655
0.318754
8.19413e-09
0.401254
0.51785
0.686148
-0.28072
-0.93643
-0.00854739
-0.0933537
0.684372
0.884982
-0.743289
-0.961058
0.765803
1.06807
0.000386353
0.000391879
-0.229147
-0.884348
-0.0169171
-0.884516
0.215225
0.218645
4.36231e-06
0.369664
-0.0275773
-0.23094
0.0499457
0.801683
0.180109
0.182095
0.235621
0.241408
0.00606069
0.902243
-0.493244
-0.797885
-0.173807
-0.175591
0.222602
0.867238
-2.49831e-16
-2.84085e-08
-0.0449252
-0.0465668
-0.0413285
-0.0413682
-0.0417183
-0.0825019
0.000179098
1
4.95369e-05
1.00683
-0.686939
-0.842244
0.678011
0.986926
-0.00764961
-0.0522666
4.55478e-05
4.55695e-05
0.259873
0.26648
0.00123049
0.00123051
-0.715406
-0.898171
5.7065e-11
0.000157864
0.207487
0.422969
0.111773
0.168546
8.47784e-07
4.21092e-06
-0.00168039
-0.0589569
-0.761451
-0.999859
0.121664
0.940723
0.775894
1.07078
-0.505672
-0.940473
0.760475
0.99954
0.151803
0.971283
-0.48059
-0.537778
-0.155885
-0.725013
0.669606
0.889975
-0.449493
-0.644784
5.03562e-05
0.0335314
-0.398047
-0.421617
9.25538e-05
0.310926
0.816467
1.20125
-0.48512
-0.534787
0.701623
0.870537
-0.71536
-0.990336
-0.736937
-0.969346
-0.131937
-0.161155
-7.76834e-11
-2.16085e-05
0.119341
0.9105
5.58712e-08
0.000144629
0.706505
0.909388
0.0708013
0.380208
-2.7766e-24
-6.54363e-12
-0.00233316
-0.00334979
2.80482e-30
1.11302e-14
0.0196383
1.02361
-0.328773
-0.422616
-0.000136209
-0.000257238
0.571328
0.836702
0.653653
0.971118
0.000144518
0.366933
0.109427
1.23766
0.0292681
0.99972
0.71229
1.01562
0.906603
1.50823
0.536896
0.759147
-0.000335777
-0.000335939
-0.00131927
-0.0016291
-0.061968
-0.150143
0.505952
0.56103
-0.00386482
-0.00535989
0.34388
1.12824
-0.349166
-0.497279
-1.03246e-08
-0.0153564
-0.519942
-0.86599
-1.39596e-14
-1
-0.676318
-0.822794
0.000200269
0.948423
0.0677975
1.00012
0.005759
0.277188
0.299162
0.910342
0.395281
0.423205
0.284787
0.914848
0.00563915
0.0364382
0.00021522
0.239146
0.287586
0.754153
-0.0641669
-0.0879582
-0.00483501
-0.680558
0.0747402
0.0819373
0.669287
0.910384
0.000920606
0.0289338
0.000130323
0.00942623
0.0812533
0.43125
0.140209
0.231939
0.0109848
0.436709
-0.0289002
-0.537131
0.301533
0.837871
0.238054
0.261127
0.875701
1.56855
0.00924493
0.0982251
0.000587769
0.0196836
0.0141439
1.63324
0.0553345
0.80034
-0.134601
-0.140248
0.122548
0.32909
0.00216378
0.0709792
2.38118e-06
0.394004
0.0074986
0.768662
0.000710456
0.0140167
0.145962
0.174899
0.00833992
0.0210304
0.217718
0.462978
0.325445
0.378757
0.0287331
0.0739678
0.212779
1.21528
-0.000220886
-0.0373256
-0.161404
-0.258098
0.283328
0.863804
0.0190884
0.154431
-0.0282382
-0.531564
0.279794
0.423267
-0.0611232
-0.181865
0.362551
0.395618
0.536818
0.708468
0.00236853
0.544336
0.00715044
0.0768585
0.0219565
0.206336
0.0301129
0.41681
0.0125575
0.683522
0.0167068
0.0475836
0.365484
0.518755
-0.018122
-0.0186245
0.00368957
0.0741992
0.371921
0.987532
0.727635
0.925153
0.0410124
0.0618092
0.000979329
0.350661
0.0126896
0.16258
-0.00132477
-0.81187
0.28876
0.298208
0.133309
0.388321
-0.0124931
-0.0127647
0.0330544
0.22364
-0.00192891
-0.187201
-0.0321068
-0.931404
-0.0145967
-0.17944
0.00652821
0.540253
-0.185076
-0.636599
0.00369234
0.383643
0.095791
0.164148
-0.0840285
-0.226149
-0.105648
-0.260494
-0.0275461
-0.108529
0.00724611
0.560675
0.14335
0.644108
0.0191413
0.156148
-0.00399222
-0.617402
0.00427772
0.00661515
0.03134
0.142559
0.0764719
0.0857968
0.0197924
0.0246369
-0.23577
-0.365185
0.0944196
0.612368
0.0970877
0.215609
0.092528
1.23476
0.211173
0.487857
0.482141
0.808918
-0.186957
-0.376767
0.250713
1.1413
0.148759
0.151426
0.00873392
0.447335
0.0168343
1.09839
0.000385222
0.0355663
0.291607
0.764078
0.625566
1.51236
0.449353
0.611676
0.396017
1.1527
0.0798519
0.932416
0.277457
0.326764
0.0577962
0.0738908
-0.149068
-0.15019
0.156899
0.159606
-0.136627
-0.895206
-0.140135
-0.717971
0.235358
0.255676
0.454092
0.528184
0.428414
0.546917
0.376217
0.977359
0.0925575
0.27442
0.64788
0.789168
0.0116833
0.0351197
0.0984657
0.205143
0.568879
0.647737
0.716914
1.19983
-9.85398e-05
-0.0330393
0.32935
0.346257
-0.00016015
-0.00251076
0.0431522
0.110501
0.342718
0.390044
0.0735232
0.782132
0.0282954
0.0505596
0.00569743
0.0945951
-0.000478852
-0.0214398
0.175017
0.211837
-0.188144
-0.443345
0.24856
0.458874
0.128071
0.467273
