15.941798618861606
9.926826477050781
24.884270804268972
8.73504202706473
34.03078351702009
8.315585000174385
43.202767508370535
8.905578068324496
52.227116176060264
9.469189235142299
46.048754010881694
1.6381108420235768
34.56376211983817
0.0
23.394317626953125
1.9033783503941126
112.05820138113839
9.926826477050781
103.11574009486607
8.73504202706473
93.96921212332589
8.315585000174385
84.7972412109375
8.905578068324496
75.77287946428571
9.469189235142299
81.95124162946428
1.6381108420235768
93.43623570033482
0.0
104.60566929408482
1.9033783503941126
26.18139212472098
25.667587280273438
30.945561000279017
27.8785400390625
36.33588300432478
28.732448032924104
41.82240077427455
28.302178519112722
47.0606689453125
27.047511509486604
42.936854771205354
23.41505650111607
37.08025687081473
22.198366437639507
31.10617937360491
22.9532230922154
101.81861223493303
25.667587280273438
97.05445207868303
27.8785400390625
91.66411481584821
28.732448032924104
86.17760358537946
28.302178519112722
80.93933977399553
27.047511509486604
85.06314522879464
23.41505650111607
90.91973876953125
22.198366437639507
96.89381626674107
22.9532230922154
64.0
54.491991315569194
64.0
47.76159232003348
64.0
41.0318123953683
64.0
34.301572527204236
64.0
27.57185799734933
57.46892874581473
27.543951851981024
54.74309430803571
39.03560529436384
51.40421840122767
50.329010009765625
46.23475428989955
59.220977783203125
47.325993129185264
64.26312691824776
54.644413539341514
67.39312308175222
64.0
67.82386125837053
73.35558210100446
67.39312308175222
80.67401123046875
64.26312691824776
81.76524135044643
59.220977783203125
76.59578159877232
50.329010009765625
73.25690569196428
39.03560529436384
70.53107125418526
27.543951851981024
59.80152675083705
35.15744890485491
55.603053501674104
42.74344744001116
68.19847324916294
35.15744890485491
72.39694649832589
42.74344744001116
43.504887172154014
88.50916399274553
48.7764892578125
94.39142717633928
55.624664306640625
98.8087158203125
64.0
100.29350934709821
72.37533569335938
98.8087158203125
79.2235107421875
94.39142717633928
84.49510846819196
88.50916399274553
77.83380998883928
83.34629603794643
69.27566528320312
79.58379255022321
64.0
80.6008562360491
58.724334716796875
79.58379255022321
50.16619001116071
83.34629603794643
50.89141845703125
89.74724469866071
57.3452889578683
90.64471435546875
64.0
91.18742152622768
70.6547110421317
90.64471435546875
77.10858154296875
89.74724469866071
77.07768031529018
87.48964146205357
70.63646153041294
86.86642020089285
64.0
86.96722412109375
57.36353846958705
86.86642020089285
50.9223153250558
87.48964146205357
0.0183851420879364
28.108745029994417
0.0
34.72972978864397
0.06494628531592232
41.350777762276785
0.41133373124258854
47.96626935686383
1.0741017205374581
54.56809779575892
2.1054571696690147
61.13047572544642
3.48410279410226
67.63246808733258
5.19008799961635
74.0465349469866
7.2999758039202005
80.32695661272321
9.84906005859375
86.4172624860491
12.966961451939174
92.20993477957589
16.58299146379743
97.6715349469866
20.691375732421875
102.7428240094866
25.146484375
107.48412214006696
29.89637974330357
111.89399937220982
34.84847150530134
116.02112688337053
39.985382080078125
119.81998116629464
45.38229806082589
123.17197963169642
51.17150006975446
125.84141322544642
57.44042096819196
127.51022774832589
64.0
128.00000871930803
70.55957903180803
127.51022774832589
76.82849993024553
125.84141322544642
82.6177019391741
123.17197963169642
88.01460484095982
119.81998116629464
93.15153285435267
116.02112688337053
98.10362025669642
111.89399937220982
102.85349818638392
107.48412214006696
107.30861118861607
102.7428240094866
111.41700962611607
97.6715349469866
115.03303745814732
92.20993477957589
118.15093122209821
86.4172624860491
120.70002092633928
80.32695661272321
122.80990164620535
74.0465349469866
124.5158952985491
67.63246808733258
125.89454868861607
61.13047572544642
126.92589460100446
54.56809779575892
127.58866664341517
47.96626935686383
127.93504987444196
41.350777762276785
128.0
34.72972978864397
127.98161097935267
28.108745029994417