0.0
12.669152396065847
11.908857073102677
11.148134504045759
24.08943394252232
10.61280277797154
36.30393327985491
11.365781511579241
48.32182965959821
12.085093906947543
40.093985421316965
2.090649196079799
24.799209594726562
0.0
9.924659729003906
2.429197583879743
127.99999128069196
12.669152396065847
116.09113420758928
11.148134504045759
103.9105486188616
10.61280277797154
91.6960710797991
11.365781511579241
79.67816162109375
12.085093906947543
87.90598842075893
2.090649196079799
103.20077078683035
0.0
118.07530866350446
2.429197583879743
13.636254446847097
32.75836181640625
19.980789184570312
35.58009556361607
27.15917750767299
36.66990443638392
34.46567644391741
36.12076677594866
41.44157191685267
34.519496372767854
35.94981384277344
29.88356454031808
28.150475638253347
28.330753871372767
20.194686889648438
29.29414803641183
114.36373465401785
32.75836181640625
108.01921735491071
35.58009556361607
100.84081159319196
36.66990443638392
93.5343279157366
36.12076677594866
86.55841936383928
34.519496372767854
92.0501708984375
29.88356454031808
99.84950474330357
28.330753871372767
107.8052978515625
29.29414803641183
63.99999128069196
69.54562377929688
63.99999128069196
60.95592389787946
63.99999128069196
52.367013113839285
63.99999128069196
43.77752249581473
63.99999128069196
35.18869454520089
55.30244663783482
35.153080531529014
51.67239815848214
49.819344656808035
47.225956508091514
64.23260062081472
40.34169224330357
75.58101109095982
41.794908796037944
82.01606968470982
51.540985107421875
86.0107421875
63.99999128069196
86.56048583984375
76.45900181361607
86.0107421875
86.20508684430803
82.01606968470982
87.65829903738839
75.58101109095982
80.77403041294643
64.23260062081472
76.32758440290178
49.819344656808035
72.6975359235491
35.153080531529014
58.40880911690848
44.869838169642854
52.81761823381696
54.55149623325892
69.59117780412946
44.869838169642854
75.18236432756696
54.55149623325892
36.70627702985491
112.96016148158482
43.726566859654014
120.4674333844866
52.846400669642854
126.10501534598214
63.99999128069196
127.99999128069196
75.15358189174107
126.10501534598214
84.27342878069196
120.4674333844866
91.29370989118303
112.96016148158482
82.4227294921875
106.37104143415178
71.02569580078125
101.56913539341517
63.99999128069196
102.86716134207589
56.974291120256694
101.56913539341517
45.577257428850444
106.37104143415178
46.54305158342633
114.54027448381696
55.13779558454241
115.68567766462053
63.99999128069196
116.37831333705357
72.86218697684151
115.68567766462053
81.4569353376116
114.54027448381696
81.41578892299107
111.65901402064732
72.83788626534597
110.86361258370535
63.99999128069196
110.99226597377232
55.162096296037944
110.86361258370535
46.584197998046875
111.65901402064732